round:192; act:[[3, 5], [4, 4], [2, 3], [3, 0], [2, 1], [3, 2]]; feature:[171.291124260355, 69, 850]
round:264; act:[[4, 2], [3, 0], [4, 4], [2, 1], [4, 3], [0, 5]]; feature:[154.1664940828402, 70, 850]
round:371; act:[[1, 4], [4, 5], [2, 1], [2, 3], [4, 2], [3, 0]]; feature:[82.90983727810651, 59, 1000]
round:510; act:[[2, 0], [4, 4], [2, 1], [2, 3], [4, 5], [3, 2]]; feature:[158.91427514792898, 55, 1000]
round:558; act:[[4, 3], [4, 4], [3, 0], [2, 1], [3, 2], [2, 5]]; feature:[153.6738905325444, 62, 900]
round:703; act:[[1, 4], [2, 3], [4, 1], [2, 2], [2, 5], [4, 0]]; feature:[140.73577416173566, 52, 1100]
round:876; act:[[4, 1], [3, 4], [1, 3], [3, 5], [0, 2], [2, 0]]; feature:[56.58981755424063, 81, 850]
round:1219; act:[[3, 4], [3, 1], [4, 2], [3, 3], [0, 5], [2, 0]]; feature:[145.83316074950687, 84, 750]
round:1220; act:[[4, 3], [4, 5], [1, 4], [2, 1], [4, 2], [4, 0]]; feature:[213.59339250493096, 52, 1000]
round:1364; act:[[4, 2], [4, 1], [2, 4], [2, 3], [2, 5], [4, 0]]; feature:[253.34351577909268, 48, 1050]
round:1466; act:[[1, 4], [0, 1], [0, 3], [3, 2], [3, 5], [3, 0]]; feature:[171.291124260355, 103, 700]
round:1562; act:[[1, 4], [0, 1], [0, 3], [4, 5], [3, 0], [4, 2]]; feature:[82.90983727810651, 89, 800]
round:1617; act:[[1, 4], [3, 1], [3, 3], [4, 2], [4, 5], [2, 0]]; feature:[82.90983727810651, 66, 900]
round:1619; act:[[1, 4], [3, 1], [3, 3], [4, 2], [2, 5], [3, 0]]; feature:[137.00722386587768, 73, 850]
round:1645; act:[[1, 4], [4, 1], [1, 3], [2, 2], [2, 5], [4, 0]]; feature:[132.84055719921105, 56, 1100]
round:1682; act:[[3, 4], [1, 1], [3, 5], [0, 0], [4, 3], [3, 2]]; feature:[137.00722386587768, 88, 750]
round:1788; act:[[4, 0], [1, 4], [2, 1], [3, 2], [0, 3], [0, 5]]; feature:[42.577983234714, 89, 850]
round:1941; act:[[1, 4], [4, 3], [1, 1], [2, 2], [4, 5], [4, 0]]; feature:[157.2792899408284, 56, 1050]
round:2042; act:[[1, 4], [4, 1], [4, 5], [2, 2], [2, 3], [4, 0]]; feature:[171.291124260355, 52, 1050]
round:2059; act:[[2, 0], [4, 3], [0, 2], [3, 1], [1, 4], [4, 5]]; feature:[42.577983234714, 74, 900]
round:2139; act:[[3, 2], [4, 0], [0, 3], [3, 4], [2, 1], [4, 5]]; feature:[123.3103550295858, 77, 800]
round:2223; act:[[1, 4], [0, 3], [4, 1], [3, 2], [0, 0], [3, 5]]; feature:[86.83020216962525, 96, 750]
round:2224; act:[[1, 4], [4, 1], [3, 0], [0, 3], [3, 2], [4, 5]]; feature:[123.18720414201185, 81, 800]
round:2965; act:[[1, 4], [3, 1], [0, 3], [0, 2], [3, 0], [0, 5]]; feature:[140.73577416173566, 111, 700]
round:3546; act:[[3, 4], [0, 1], [0, 3], [0, 2], [0, 0], [0, 5]]; feature:[370.26153846153846, 130, 600]
round:8130; act:[[4, 3], [3, 4], [1, 1], [4, 0], [3, 2], [3, 5]]; feature:[167.24760848126232, 73, 800]
round:64; act:[[0, 0], [4, 3], [3, 1], [0, 2], [3, 4], [3, 5]]; feature:[199.4379437869822, 99, 650]
round:192; act:[[0, 0], [1, 4], [2, 1], [4, 3], [3, 2], [4, 5]]; feature:[42.577983234714, 74, 900]
round:646; act:[[2, 0], [2, 1], [4, 4], [2, 3], [1, 2], [4, 5]]; feature:[158.91427514792898, 52, 1100]
round:715; act:[[2, 0], [1, 1], [1, 3], [4, 2], [3, 4], [4, 5]]; feature:[82.90983727810651, 63, 1000]
round:1158; act:[[1, 0], [2, 1], [4, 4], [3, 2], [2, 3], [3, 5]]; feature:[82.90983727810651, 66, 950]
round:1693; act:[[4, 5], [4, 4], [0, 0], [4, 2], [3, 1], [3, 3]]; feature:[163.32724358974355, 77, 750]
round:2086; act:[[2, 0], [1, 1], [4, 4], [3, 2], [2, 3], [4, 5]]; feature:[86.83020216962525, 59, 1000]
round:2243; act:[[1, 1], [2, 0], [4, 5], [1, 2], [4, 3], [4, 4]]; feature:[149.31540927021695, 56, 1050]
round:2268; act:[[4, 5], [2, 2], [1, 1], [4, 0], [4, 3], [4, 4]]; feature:[213.59339250493096, 52, 1000]
round:2930; act:[[1, 1], [2, 3], [2, 4], [1, 0], [4, 2], [4, 5]]; feature:[132.84055719921105, 56, 1100]
round:3015; act:[[1, 0], [2, 1], [3, 3], [3, 2], [4, 4], [4, 5]]; feature:[87.07650394477318, 66, 900]
round:3152; act:[[1, 1], [0, 0], [4, 2], [3, 5], [3, 3], [2, 4]]; feature:[42.577983234714, 81, 850]
round:4040; act:[[3, 0], [1, 1], [3, 3], [4, 2], [4, 4], [3, 5]]; feature:[161.44595660749505, 73, 800]
round:4049; act:[[0, 1], [0, 0], [0, 3], [3, 2], [3, 5], [0, 4]]; feature:[302.00870315581847, 122, 600]
round:4724; act:[[2, 0], [4, 3], [4, 1], [2, 2], [1, 5], [4, 4]]; feature:[204.0972140039447, 52, 1050]
round:5204; act:[[0, 4], [2, 0], [4, 2], [3, 1], [3, 3], [0, 5]]; feature:[82.90983727810651, 92, 750]
round:5301; act:[[0, 0], [4, 2], [3, 1], [0, 3], [4, 5], [3, 4]]; feature:[141.1738905325444, 92, 700]
round:5324; act:[[0, 0], [4, 2], [0, 1], [0, 3], [3, 5], [3, 4]]; feature:[158.91427514792898, 107, 650]
round:5357; act:[[0, 0], [4, 2], [2, 4], [3, 1], [4, 5], [3, 3]]; feature:[82.90983727810651, 77, 800]
round:5367; act:[[0, 0], [4, 3], [1, 1], [3, 4], [4, 2], [4, 5]]; feature:[94.97172090729784, 74, 850]
round:5775; act:[[3, 4], [2, 0], [2, 2], [4, 1], [3, 3], [3, 5]]; feature:[153.23577416173566, 69, 850]
round:5974; act:[[3, 4], [2, 0], [4, 2], [3, 1], [3, 3], [3, 5]]; feature:[205.87581360946743, 76, 750]
round:6045; act:[[4, 2], [3, 0], [3, 4], [4, 5], [0, 1], [3, 3]]; feature:[175.58094181459563, 84, 700]
round:6086; act:[[2, 2], [3, 4], [0, 0], [4, 1], [3, 3], [3, 5]]; feature:[94.97172090729784, 84, 750]
round:6265; act:[[4, 1], [2, 2], [3, 0], [2, 5], [4, 3], [4, 4]]; feature:[167.74021203155814, 55, 950]
round:6284; act:[[3, 4], [2, 0], [4, 2], [3, 1], [3, 3], [4, 5]]; feature:[167.74021203155814, 69, 800]
round:6505; act:[[2, 2], [3, 4], [2, 0], [4, 1], [3, 5], [4, 3]]; feature:[141.1738905325444, 62, 900]
round:6902; act:[[2, 2], [3, 1], [2, 3], [3, 0], [2, 5], [4, 4]]; feature:[140.73577416173566, 62, 950]
round:6983; act:[[2, 2], [3, 4], [4, 5], [4, 3], [0, 0], [4, 1]]; feature:[99.1383875739645, 70, 850]
round:7609; act:[[2, 2], [2, 5], [2, 1], [4, 0], [2, 4], [2, 3]]; feature:[371.1235946745563, 48, 1150]
round:9283; act:[[1, 2], [3, 5], [0, 1], [0, 0], [3, 3], [3, 4]]; feature:[140.73577416173566, 103, 700]
round:16; act:[[4, 5], [4, 4], [3, 0], [4, 3], [3, 2], [4, 1]]; feature:[264.1398668639053, 62, 800]
round:32; act:[[4, 5], [2, 4], [4, 3], [2, 2], [4, 0], [4, 1]]; feature:[263.7704142011834, 48, 1000]
round:60; act:[[4, 5], [2, 4], [4, 2], [4, 3], [4, 0], [3, 1]]; feature:[213.59339250493096, 55, 900]
round:78; act:[[4, 5], [4, 2], [1, 4], [4, 3], [3, 0], [2, 1]]; feature:[94.97172090729784, 59, 950]
round:106; act:[[4, 1], [4, 5], [4, 4], [3, 0], [4, 2], [4, 3]]; feature:[371.1235946745562, 55, 850]
round:119; act:[[4, 5], [4, 4], [2, 2], [4, 3], [2, 0], [1, 1]]; feature:[153.23577416173566, 52, 1050]
round:125; act:[[4, 3], [4, 5], [4, 4], [2, 0], [3, 2], [3, 1]]; feature:[149.31540927021695, 62, 850]
round:205; act:[[4, 5], [2, 4], [1, 2], [4, 3], [3, 0], [0, 1]]; feature:[42.577983234714, 74, 900]
round:207; act:[[4, 5], [2, 4], [1, 2], [4, 3], [4, 0], [4, 1]]; feature:[205.26005917159767, 52, 1000]
round:314; act:[[4, 5], [2, 1], [4, 4], [2, 3], [3, 2], [1, 0]]; feature:[82.90983727810651, 59, 1000]
round:481; act:[[4, 5], [4, 3], [2, 0], [3, 2], [4, 4], [2, 1]]; feature:[140.73577416173566, 55, 950]
round:496; act:[[4, 5], [1, 3], [1, 2], [2, 0], [4, 4], [2, 1]]; feature:[132.84055719921105, 56, 1100]
round:530; act:[[1, 0], [3, 3], [4, 4], [2, 1], [3, 5], [0, 2]]; feature:[42.577983234714, 81, 850]
round:2429; act:[[1, 2], [2, 0], [4, 3], [3, 4], [3, 5], [4, 1]]; feature:[82.90983727810651, 66, 900]
round:2467; act:[[4, 3], [3, 5], [2, 2], [4, 0], [4, 1], [0, 4]]; feature:[137.00722386587768, 70, 850]
round:3108; act:[[2, 2], [2, 3], [4, 0], [3, 4], [3, 5], [4, 1]]; feature:[132.84055719921105, 62, 900]
round:3363; act:[[2, 2], [3, 3], [4, 0], [3, 4], [3, 5], [4, 1]]; feature:[140.73577416173566, 69, 800]
round:3407; act:[[2, 2], [4, 0], [2, 3], [1, 4], [4, 1], [2, 5]]; feature:[140.73577416173566, 52, 1100]
round:3929; act:[[0, 0], [0, 3], [2, 2], [3, 4], [3, 5], [4, 1]]; feature:[86.83020216962525, 92, 750]
round:3989; act:[[4, 2], [0, 3], [3, 4], [3, 0], [3, 5], [0, 1]]; feature:[171.291124260355, 99, 650]
round:4682; act:[[3, 3], [2, 2], [3, 4], [3, 5], [0, 0], [0, 1]]; feature:[140.73577416173566, 99, 700]
round:4717; act:[[3, 3], [2, 2], [3, 4], [3, 5], [0, 0], [4, 1]]; feature:[94.97172090729784, 84, 750]
round:5132; act:[[3, 3], [2, 2], [3, 4], [3, 5], [0, 0], [3, 1]]; feature:[205.87581360946743, 91, 700]
round:5669; act:[[3, 2], [2, 3], [3, 4], [3, 5], [3, 0], [3, 1]]; feature:[468.3443786982247, 83, 700]
round:5986; act:[[4, 3], [2, 2], [3, 4], [3, 5], [0, 0], [4, 1]]; feature:[82.90983727810651, 77, 800]
round:6734; act:[[3, 3], [3, 2], [3, 4], [3, 5], [0, 0], [0, 1]]; feature:[251.63986686390527, 106, 600]
round:7227; act:[[2, 3], [4, 2], [3, 4], [3, 5], [3, 0], [3, 1]]; feature:[275.3192307692307, 76, 750]
round:7844; act:[[3, 3], [2, 2], [3, 4], [3, 5], [4, 1], [1, 0]]; feature:[94.97172090729784, 73, 850]
round:8463; act:[[0, 5], [3, 4], [0, 1], [4, 0], [4, 2], [3, 3]]; feature:[153.6738905325444, 92, 700]
round:8607; act:[[4, 3], [2, 1], [2, 2], [4, 4], [4, 0], [2, 5]]; feature:[260.1650147928994, 48, 1050]
round:9291; act:[[2, 2], [2, 4], [4, 1], [2, 3], [2, 5], [4, 0]]; feature:[251.63986686390533, 48, 1100]
round:126; act:[[3, 1], [2, 5], [0, 2], [4, 4], [4, 3], [3, 0]]; feature:[110.93350591715976, 77, 800]
round:176; act:[[2, 5], [4, 0], [2, 4], [1, 2], [4, 1], [2, 3]]; feature:[140.73577416173566, 52, 1100]
round:238; act:[[2, 5], [4, 0], [2, 4], [4, 1], [2, 3], [2, 2]]; feature:[251.63986686390535, 48, 1100]
round:242; act:[[2, 5], [4, 0], [2, 4], [4, 2], [2, 3], [4, 1]]; feature:[253.34351577909268, 48, 1050]
round:252; act:[[2, 5], [4, 0], [3, 2], [2, 4], [4, 1], [2, 3]]; feature:[140.73577416173566, 55, 1000]
round:369; act:[[2, 5], [2, 2], [0, 4], [3, 3], [4, 0], [3, 1]]; feature:[82.90983727810651, 77, 850]
round:386; act:[[2, 5], [1, 4], [4, 2], [2, 3], [3, 1], [0, 0]]; feature:[42.577983234714, 74, 950]
round:700; act:[[1, 0], [2, 4], [3, 3], [0, 2], [3, 5], [4, 1]]; feature:[42.577983234714, 81, 850]
round:872; act:[[3, 3], [2, 0], [1, 4], [3, 1], [0, 2], [0, 5]]; feature:[82.90983727810651, 96, 800]
round:914; act:[[1, 0], [4, 4], [2, 3], [2, 2], [4, 5], [1, 1]]; feature:[132.84055719921105, 56, 1100]
round:1473; act:[[4, 5], [1, 0], [2, 2], [4, 3], [2, 4], [4, 1]]; feature:[157.6487426035503, 52, 1050]
round:1962; act:[[4, 4], [1, 0], [0, 3], [3, 1], [2, 2], [4, 5]]; feature:[56.58981755424063, 74, 900]
round:2368; act:[[4, 5], [2, 0], [3, 4], [2, 1], [3, 3], [4, 2]]; feature:[132.84055719921105, 62, 900]
round:2420; act:[[2, 0], [4, 5], [3, 4], [4, 3], [2, 2], [4, 1]]; feature:[157.40244082840235, 55, 950]
round:2423; act:[[3, 5], [2, 0], [1, 4], [3, 2], [4, 3], [4, 1]]; feature:[82.90983727810651, 66, 900]
round:2514; act:[[4, 5], [2, 0], [3, 4], [4, 2], [3, 3], [3, 1]]; feature:[167.74021203155814, 69, 800]
round:2523; act:[[1, 0], [4, 3], [2, 5], [3, 4], [2, 2], [4, 1]]; feature:[82.90983727810651, 59, 1000]
round:2659; act:[[4, 5], [2, 0], [3, 4], [4, 2], [4, 3], [3, 1]]; feature:[149.31540927021695, 62, 850]
round:2794; act:[[2, 0], [3, 4], [3, 3], [3, 5], [0, 2], [4, 1]]; feature:[94.97172090729784, 84, 750]
round:2995; act:[[4, 1], [1, 4], [2, 2], [3, 3], [3, 0], [3, 5]]; feature:[102.93560157790927, 73, 850]
round:3035; act:[[2, 0], [4, 5], [3, 4], [4, 2], [4, 3], [1, 1]]; feature:[94.97172090729784, 59, 950]
round:3049; act:[[2, 0], [4, 4], [2, 5], [4, 2], [4, 3], [4, 1]]; feature:[319.29112426035493, 48, 1000]
round:3114; act:[[2, 0], [0, 5], [3, 1], [4, 3], [0, 4], [4, 2]]; feature:[87.07650394477318, 85, 800]
round:3246; act:[[4, 5], [1, 0], [4, 4], [4, 2], [2, 3], [4, 1]]; feature:[275.93498520710057, 52, 1000]
round:4021; act:[[1, 5], [3, 0], [4, 4], [4, 2], [4, 3], [4, 1]]; feature:[289.1738905325443, 59, 900]
round:4395; act:[[4, 5], [3, 0], [4, 4], [1, 2], [0, 3], [3, 1]]; feature:[102.35387080867851, 81, 800]
round:7057; act:[[3, 3], [4, 5], [4, 0], [0, 2], [2, 4], [4, 1]]; feature:[140.80443786982246, 70, 850]
round:8606; act:[[1, 5], [3, 4], [0, 0], [0, 2], [3, 3], [3, 1]]; feature:[204.0972140039447, 103, 700]
round:8641; act:[[1, 5], [3, 0], [0, 2], [3, 4], [3, 3], [3, 1]]; feature:[280.1016518737672, 95, 700]
