round:192; act:[[3, 5], [4, 4], [2, 3], [3, 0], [2, 1], [3, 2]]; feature:[171.291124260355, 69.0, 850.0]
round:264; act:[[4, 2], [3, 0], [4, 4], [2, 1], [4, 3], [0, 5]]; feature:[154.1664940828402, 70.0, 850.0]
round:510; act:[[2, 0], [4, 4], [2, 1], [2, 3], [4, 5], [3, 2]]; feature:[158.91427514792898, 55.0, 1000.0]
round:558; act:[[4, 3], [4, 4], [3, 0], [2, 1], [3, 2], [2, 5]]; feature:[153.6738905325444, 62.0, 900.0]
round:876; act:[[4, 1], [3, 4], [1, 3], [3, 5], [0, 2], [2, 0]]; feature:[56.58981755424063, 81.0, 850.0]
round:1219; act:[[3, 4], [3, 1], [4, 2], [3, 3], [0, 5], [2, 0]]; feature:[145.83316074950687, 84.0, 750.0]
round:1619; act:[[1, 4], [3, 1], [3, 3], [4, 2], [2, 5], [3, 0]]; feature:[137.00722386587768, 73.0, 850.0]
round:1645; act:[[1, 4], [4, 1], [1, 3], [2, 2], [2, 5], [4, 0]]; feature:[132.84055719921105, 56.0, 1100.0]
round:1682; act:[[3, 4], [1, 1], [3, 5], [0, 0], [4, 3], [3, 2]]; feature:[137.00722386587768, 88.0, 750.0]
round:1788; act:[[4, 0], [1, 4], [2, 1], [3, 2], [0, 3], [0, 5]]; feature:[42.577983234714, 89.0, 850.0]
round:1941; act:[[1, 4], [4, 3], [1, 1], [2, 2], [4, 5], [4, 0]]; feature:[157.2792899408284, 56.0, 1050.0]
round:2139; act:[[3, 2], [4, 0], [0, 3], [3, 4], [2, 1], [4, 5]]; feature:[123.3103550295858, 77.0, 800.0]
round:2223; act:[[1, 4], [0, 3], [4, 1], [3, 2], [0, 0], [3, 5]]; feature:[86.83020216962525, 96.0, 750.0]
round:2224; act:[[1, 4], [4, 1], [3, 0], [0, 3], [3, 2], [4, 5]]; feature:[123.18720414201185, 81.0, 800.0]
round:2965; act:[[1, 4], [3, 1], [0, 3], [0, 2], [3, 0], [0, 5]]; feature:[140.73577416173566, 111.0, 700.0]
round:3546; act:[[3, 4], [0, 1], [0, 3], [0, 2], [0, 0], [0, 5]]; feature:[370.26153846153846, 130.0, 600.0]
round:8130; act:[[4, 3], [3, 4], [1, 1], [4, 0], [3, 2], [3, 5]]; feature:[167.24760848126232, 73.0, 800.0]
round:646; act:[[2, 0], [2, 1], [4, 4], [2, 3], [1, 2], [4, 5]]; feature:[158.91427514792898, 52.0, 1100.0]
round:715; act:[[2, 0], [1, 1], [1, 3], [4, 2], [3, 4], [4, 5]]; feature:[82.90983727810651, 63.0, 1000.0]
round:1158; act:[[1, 0], [2, 1], [4, 4], [3, 2], [2, 3], [3, 5]]; feature:[82.90983727810651, 66.0, 950.0]
round:1693; act:[[4, 5], [4, 4], [0, 0], [4, 2], [3, 1], [3, 3]]; feature:[163.32724358974355, 77.0, 750.0]
round:2086; act:[[2, 0], [1, 1], [4, 4], [3, 2], [2, 3], [4, 5]]; feature:[86.83020216962525, 59.0, 1000.0]
round:3015; act:[[1, 0], [2, 1], [3, 3], [3, 2], [4, 4], [4, 5]]; feature:[87.07650394477318, 66.0, 900.0]
round:4724; act:[[2, 0], [4, 3], [4, 1], [2, 2], [1, 5], [4, 4]]; feature:[204.0972140039447, 52.0, 1050.0]
round:5324; act:[[0, 0], [4, 2], [0, 1], [0, 3], [3, 5], [3, 4]]; feature:[158.91427514792898, 107.0, 650.0]
round:5367; act:[[0, 0], [4, 3], [1, 1], [3, 4], [4, 2], [4, 5]]; feature:[94.97172090729784, 74.0, 850.0]
round:6265; act:[[4, 1], [2, 2], [3, 0], [2, 5], [4, 3], [4, 4]]; feature:[167.74021203155814, 55.0, 950.0]
round:6902; act:[[2, 2], [3, 1], [2, 3], [3, 0], [2, 5], [4, 4]]; feature:[140.73577416173566, 62.0, 950.0]
round:7609; act:[[2, 2], [2, 5], [2, 1], [4, 0], [2, 4], [2, 3]]; feature:[371.1235946745563, 48.0, 1150.0]
round:16; act:[[4, 5], [4, 4], [3, 0], [4, 3], [3, 2], [4, 1]]; feature:[264.1398668639053, 62.0, 800.0]
round:106; act:[[4, 1], [4, 5], [4, 4], [3, 0], [4, 2], [4, 3]]; feature:[371.1235946745562, 55.0, 850.0]
round:5669; act:[[3, 2], [2, 3], [3, 4], [3, 5], [3, 0], [3, 1]]; feature:[468.3443786982247, 83.0, 700.0]
round:7227; act:[[2, 3], [4, 2], [3, 4], [3, 5], [3, 0], [3, 1]]; feature:[275.3192307692307, 76.0, 750.0]
round:369; act:[[2, 5], [2, 2], [0, 4], [3, 3], [4, 0], [3, 1]]; feature:[82.90983727810651, 77.0, 850.0]
round:386; act:[[2, 5], [1, 4], [4, 2], [2, 3], [3, 1], [0, 0]]; feature:[42.577983234714, 74.0, 950.0]
round:872; act:[[3, 3], [2, 0], [1, 4], [3, 1], [0, 2], [0, 5]]; feature:[82.90983727810651, 96.0, 800.0]
round:1962; act:[[4, 4], [1, 0], [0, 3], [3, 1], [2, 2], [4, 5]]; feature:[56.58981755424063, 74.0, 900.0]
round:3114; act:[[2, 0], [0, 5], [3, 1], [4, 3], [0, 4], [4, 2]]; feature:[87.07650394477318, 85.0, 800.0]
round:3246; act:[[4, 5], [1, 0], [4, 4], [4, 2], [2, 3], [4, 1]]; feature:[275.93498520710057, 52.0, 1000.0]
round:4021; act:[[1, 5], [3, 0], [4, 4], [4, 2], [4, 3], [4, 1]]; feature:[289.1738905325443, 59.0, 900.0]
round:8606; act:[[1, 5], [3, 4], [0, 0], [0, 2], [3, 3], [3, 1]]; feature:[204.0972140039447, 103.0, 700.0]
round:8641; act:[[1, 5], [3, 0], [0, 2], [3, 4], [3, 3], [3, 1]]; feature:[280.1016518737672, 95.0, 700.0]
